9/23/2020
Powertron Global
https://fmv.powertronglobal.com/?obj=reports
8/13
COP
Temperature
Base COP
Post COP
% Change
Baseline Samples
Post Samples
75
3.34
9510
76
1.89
3.26
72
2062
5918
77
1.58
3.34
111
748
1757
78
1.60
3.19
99
4562
2860
79
1.76
3.08
75
3670
2815
80
2.18
3.21
47
7972
6112
81
1.67
3.19
91
2595
3773
82
1.60
3.08
93
3407
8795
83
1.55
3.01
94
2886
6083
84
1.86
2.89
55
1412
7533
85
1.31
2.79
113
1078
5692
86
1.71
3.07
80
2657
8179
87
1.59
2.88
81
4163
10180
88
1.52
2.80
84
5509
9772
89
1.47
2.87
95
6499
12270
90
1.59
2.92
84
5603
8896
91
1.52
2.80
84
5287
8557
