9/21/2020
Powertron Global
https://fmv.powertronglobal.com/?obj=reports
2/13
kW/Ton Detail
Temperature
Baseline kW/Ton
Post kW/Ton
% kwton change
Baseline Number of Samples
Post Number of Samples
75
1.42
6374
76
1.52
3716
77
2.15
1.41
34
1679
2328
78
2.27
1.42
37
2175
2857
79
2.26
1.53
32
4109
2715
80
2.17
1.49
31
3362
3721
81
2.04
1.49
27
5096
2722
82
2.11
1.57
26
2513
4574
83
2.46
1.55
37
725
4334
84
2.48
1.51
39
1084
6594
85
2.45
1.55
37
1211
3793
86
2.32
1.60
31
1632
5982
87
2.33
1.58
32
2525
8593
88
2.36
1.53
35
1875
8706
89
2.29
1.59
31
3540
8150
90
2.41
1.61
33
3023
5998
91
2.41
1.60
34
3097
6681
