9/21/2020
Powertron Global
https://fmv.powertronglobal.com/?obj=reports
11/13
EER
Temperature
Base EER
Post EER
% Change
Baseline Samples
Post Samples
75
7.67
9.29
21
430
168
76
7.92
7.99
1
614
60
77
7.96
8.09
2
2070
194
78
7.47
6.95
7
1072
22
79
7.07
3.57
50
568
1
80
7.9
1575
81
7.46
6.59
12
518
31
82
7.32
8.45
15
780
160
83
7.18
10.17
42
594
3
84
7.18
8.86
23
531
365
85
7.11
8.68
22
653
624
86
5.99
8.57
43
1667
508
87
6.19
8.14
32
1432
716
88
5.96
8
34
1862
480
89
6.25
8.13
30
2189
400
90
6.48
7.88
22
1959
446
91
6.35
7.34
16
2135
295
