9/23/2020
Powertron Global
https://fmv.powertronglobal.com/?obj=reports
2/13
kW/Ton Detail
Temperature
Baseline kW/Ton
Post kW/Ton
% kwton change
Baseline Number of Samples
Post Number of Samples
75
1.05
9510
76
1.86
1.08
42
2062
5918
77
2.22
1.05
53
748
1757
78
2.20
1.10
50
4562
2860
79
2.00
1.14
43
3670
2815
80
1.62
1.10
32
7972
6112
81
2.11
1.10
48
2595
3773
82
2.19
1.14
48
3407
8795
83
2.27
1.17
48
2886
6083
84
1.89
1.22
35
1412
7533
85
2.68
1.26
53
1078
5692
86
2.05
1.14
44
2657
8179
87
2.22
1.22
45
4163
10180
88
2.31
1.26
45
5509
9772
89
2.40
1.23
49
6499
12270
90
2.21
1.20
46
5603
8896
91
2.31
1.26
45
5287
8557
