9/21/2020
Powertron Global
https://fmv.powertronglobal.com/?obj=reports
2/13
kW/Ton Detail
Temperature
Baseline kW/Ton
Post kW/Ton
% kwton change
Baseline Number of Samples
Post Number of Samples
75
0.82
5742
76
1.84
0.86
53
56
3916
77
1.09
0.91
17
907
2410
78
1.13
0.85
25
2299
2056
79
1.10
0.89
19
3169
2365
80
1.23
0.91
26
1677
2768
81
1.15
0.92
20
1937
2817
82
1.21
0.93
23
1363
4208
83
1.22
0.94
23
922
3252
84
1.28
0.96
25
635
4554
85
1.32
0.96
27
981
2938
86
1.35
0.99
27
1612
4034
87
1.31
1.00
24
1459
5238
88
1.29
1.03
20
1723
4852
89
1.32
1.01
23
2446
5184
90
1.29
0.96
26
2192
3986
91
1.28
1.03
20
2860
2787
