9/23/2020
Powertron Global
https://fmv.powertronglobal.com/?obj=reports
5/13
TONS
Temperature
Base TONS
Post TONS
% Change
Baseline Samples
Post Samples
75
9.56
10.20
7
3199
5685
76
8.29
10.07
21
1639
2587
77
7.22
10.17
41
540
1812
78
7.08
10.19
44
730
3046
79
10.75
10.10
6
2914
3348
80
9.94
10.38
4
746
5040
81
6.79
10.45
54
665
3480
82
7.08
10.24
45
744
5892
83
6.48
10.09
56
613
4564
84
6.78
10.07
49
698
8281
85
6.62
10.46
58
1544
5422
86
6.97
10.29
48
2007
10637
87
6.93
10.17
47
2100
16196
88
6.94
10.32
49
2061
12498
89
6.93
10.36
49
2193
10997
90
7.12
10.33
45
3578
9283
91
7.17
10.25
43
3041
8019
