9/21/2020
Powertron Global
https://fmv.powertronglobal.com/?obj=reports
11/13
EER
Temperature
Base EER
Post EER
% Change
Baseline Samples
Post Samples
75
19.77
5742
76
9.22
18.77
104
56
3916
77
14.66
18
23
907
2410
78
14.52
18.96
31
2299
2056
79
14.69
18.37
25
3169
2365
80
13.78
18.08
31
1677
2768
81
14.37
18.05
26
1937
2817
82
13.95
17.74
27
1363
4208
83
13.54
17.6
30
922
3252
84
12.98
17.38
34
635
4554
85
12.38
17.38
40
981
2938
86
12.22
16.98
39
1612
4034
87
12.57
16.87
34
1459
5238
88
12.64
16.43
30
1723
4852
89
12.44
16.84
35
2446
5184
90
12.63
17.42
38
2192
3986
91
12.76
16.67
31
2860
2787
