9/21/2020
Powertron Global
https://fmv.powertronglobal.com/?obj=reports
5/13
TONS
Temperature
Base TONS
Post TONS
% Change
Baseline Samples
Post Samples
75
3.07
5.55
81
131
745
76
5.07
5.87
16
84
486
77
5.47
5.44
1
1193
463
78
5.38
7.24
35
1671
218
79
4.98
6.90
39
510
1171
80
5.00
6.16
23
985
634
81
5.22
6.67
28
1
1512
82
6.41
2135
83
6.38
2624
84
6.53
2265
85
6.70
4798
86
6.63
9406
87
2.29
6.59
188
41
11492
88
3.52
6.91
96
20
8092
89
4.65
6.90
48
82
7734
90
5.76
6.76
17
89
6064
91
5.63
6.54
16
26
4164
