9/21/2020
Powertron Global
https://fmv.powertronglobal.com/?obj=reports
8/13
COP
Temperature
Base COP
Post COP
% Change
Baseline Samples
Post Samples
75
4.28
5742
76
1.91
4.07
113
56
3916
77
3.22
3.88
20
907
2410
78
3.11
4.14
33
2299
2056
79
3.21
3.93
22
3169
2365
80
2.87
3.87
35
1677
2768
81
3.06
3.83
25
1937
2817
82
2.92
3.78
29
1363
4208
83
2.88
3.73
30
922
3252
84
2.75
3.67
33
635
4554
85
2.66
3.65
37
981
2938
86
2.60
3.54
36
1612
4034
87
2.69
3.50
30
1459
5238
88
2.72
3.40
25
1723
4852
89
2.67
3.49
31
2446
5184
90
2.73
3.65
34
2192
3986
91
2.74
3.42
25
2860
2787
