9/23/2020
Powertron Global
https://fmv.powertronglobal.com/?obj=reports
11/13
EER
Temperature
Base EER
Post EER
% Change
Baseline Samples
Post Samples
75
10.79
14.28
32
382
3279
76
10.11
12.30
22
333
817
77
10.07
12.32
22
2261
1021
78
9.41
12.71
35
1531
1021
79
9.67
12.96
34
1659
1383
80
8.65
12.59
46
1058
1311
81
8.60
12.67
47
627
1696
82
9.08
12.88
42
540
1975
83
8.73
12.62
45
453
1942
84
8.32
12.24
47
922
1697
85
8.51
12.90
52
443
2154
86
8.13
12.65
56
1038
1991
87
8.22
13.01
58
1100
2358
88
8.17
13.42
64
1252
2476
89
7.90
12.80
62
1324
4074
90
7.60
13.28
75
1074
5265
91
7.81
12.79
64
1418
4411
