9/23/2020
Powertron Global
https://fmv.powertronglobal.com/?obj=reports
2/13
kW/Ton Detail
Temperature
Baseline kW/Ton
Post kW/Ton
% kwton change
Baseline Number of Samples
Post Number of Samples
75
1.43
1.16
19
382
3279
76
1.46
1.37
6
333
817
77
1.54
1.37
11
2261
1021
78
1.68
1.35
20
1531
1021
79
1.68
1.31
22
1659
1383
80
1.88
1.34
29
1058
1311
81
1.89
1.36
28
627
1696
82
1.78
1.33
25
540
1975
83
1.88
1.37
27
453
1942
84
1.95
1.45
26
922
1697
85
1.87
1.32
29
443
2154
86
1.98
1.38
30
1038
1991
87
1.99
1.33
33
1100
2358
88
1.98
1.29
35
1252
2476
89
2.06
1.37
33
1324
4074
90
2.17
1.31
40
1074
5265
91
2.11
1.36
36
1418
4411
