9/21/2020
Powertron Global
https://fmv.powertronglobal.com/?obj=reports
8/12
COP
Temperature
Base COP
Post COP
% Change
Baseline Samples
Post Samples
83
0.55
0.74
35
96
207
84
0.63
0.82
30
466
215
85
0.70
0.80
14
752
7
86
0.64
0.71
11
1618
104
87
0.44
0.79
80
2652
251
88
0.59
0.71
20
3919
232
89
0.45
0.69
53
3967
187
90
0.45
0.64
42
3038
511
91
0.51
0.61
20
2936
329
92
0.50
0.53
6
1866
166
93
0.51
0.58
14
3274
477
94
0.52
0.55
6
2941
347
95
0.52
0.61
17
5071
211
96
0.51
0.79
55
7887
142
97
0.54
5126
98
0.53
5588
99
0.52
4627
