9/23/2020
Powertron Global
https://fmv.powertronglobal.com/?obj=reports
5/13
TONS
Temperature
Base TONS
Post TONS
% Change
Baseline Samples
Post Samples
75
5.09
9510
76
3.95
4.98
26
2062
5918
77
3.49
5.12
47
748
1757
78
3.06
4.91
60
4562
2860
79
3.64
4.85
33
3670
2815
80
4.79
4.95
3
7972
6112
81
3.19
4.90
54
2595
3773
82
2.73
4.90
79
3407
8795
83
2.65
4.81
82
2886
6083
84
2.97
4.72
59
1412
7533
85
2.23
4.65
109
1078
5692
86
2.79
5.09
82
2657
8179
87
2.68
5.22
95
4163
10180
88
2.59
4.95
91
5509
9772
89
2.53
5.20
106
6499
12270
90
3.16
5.31
68
5603
8896
91
2.91
5.42
86
5287
8557
