9/21/2020
Powertron Global
https://fmv.powertronglobal.com/?obj=reports
5/13
TONS
Temperature
Base TONS
Post TONS
% Change
Baseline Samples
Post Samples
75
23.13
5742
76
11.04
22.33
102
56
3916
77
17.59
21.23
21
907
2410
78
17.33
22.54
30
2299
2056
79
17.77
21.99
24
3169
2365
80
16.63
21.73
31
1677
2768
81
17.27
21.85
27
1937
2817
82
16.55
21.64
31
1363
4208
83
16.28
21.50
32
922
3252
84
15.69
21.42
37
635
4554
85
15.37
21.50
40
981
2938
86
15.24
21.11
39
1612
4034
87
15.38
21.13
37
1459
5238
88
15.64
20.68
32
1723
4852
89
15.57
21.28
37
2446
5184
90
15.88
22.07
39
2192
3986
91
16.11
21.23
32
2860
2787
