9/21/2020
Powertron Global
https://fmv.powertronglobal.com/?obj=reports
11/13
EER
Temperature
Base EER
Post EER
% Change
Baseline Samples
Post Samples
75
11.55
6374
76
10.46
3716
77
7.97
11.31
42
1679
2328
78
7.47
11.23
50
2175
2857
79
7.54
10.55
40
4109
2715
80
7.74
10.76
39
3362
3721
81
8.61
10.81
26
5096
2722
82
7.84
10.25
31
2513
4574
83
6.86
10.39
51
725
4334
84
6.71
10.57
58
1084
6594
85
6.78
10.39
53
1211
3793
86
7.07
10.23
45
1632
5982
87
7.1
10.41
47
2525
8593
88
7
10.82
55
1875
8706
89
7.17
10.44
46
3540
8150
90
6.86
10.39
51
3023
5998
91
6.85
10.51
53
3097
6681
