9/23/2020
Powertron Global
https://fmv.powertronglobal.com/?obj=reports
11/13
EER
Temperature
Base EER
Post EER
% Change
Baseline Samples
Post Samples
75
15.73
9510
76
8.5
15.54
83
2062
5918
77
8.25
15.79
91
748
1757
78
8.05
15.04
87
4562
2860
79
9.48
15.07
59
3670
2815
80
11.06
15.23
38
7972
6112
81
8.88
15.01
69
2595
3773
82
8.23
14.89
81
3407
8795
83
8.03
14.48
80
2886
6083
84
9.12
14.08
54
1412
7533
85
6.85
13.79
101
1078
5692
86
8.38
14.45
72
2657
8179
87
7.92
14.11
78
4163
10180
88
7.65
13.8
80
5509
9772
89
7.36
13.89
89
6499
12270
90
8.22
14.08
71
5603
8896
91
7.75
13.64
76
5287
8557
