10/24/24, 3:00 PM
Powertron Global
https://fmv.powertronglobal.com/?obj=reports
3/13
Temperature
Baseline kW/Ton
Post kW/Ton
% kwton change
Baseline Number of Samples
Post Number of Samples
86
1.30
1.09
16
16906
4713
85
1.31
1.07
18
17277
6742
84
1.30
1.07
18
15986
7055
83
1.30
1.06
18
25842
8936
82
1.29
1.05
19
34550
6244
81
1.29
1.04
19
30028
4599
80
1.29
1.03
20
47476
4526
79
1.26
1.02
19
36706
2797
78
1.22
1.01
17
25436
3185
77
1.21
1.00
17
17760
1992
76
1.18
0.99
16
22310
4180
75
1.14
0.91
20
5532
1244
       
       
