COP
Temperature
Base COP
Post COP
% Change
Baseline Samples
Post Samples
95
2.62
2.87
10
5985
315
94
2.62
2.92
12
12459
876
93
2.74
2.95
8
8690
580
92
2.84
3.13
10
6343
1289
91
2.81
3.22
15
7326
1344
90
2.95
3.37
14
8440
1066
89
2.92
3.37
15
10215
944
88
3.02
3.29
9
8716
863
87
3.17
3.28
3
9098
961
86
3.56
3.37
5
8646
1713
85
3.16
3.44
9
7332
2289
84
3.30
3.52
6
6525
1140
83
3.36
3.54
5
7311
981
82
3.36
3.62
8
7509
1192
81
3.28
3.80
16
7489
901
80
3.37
3.85
14
10359
775
79
3.37
3.97
18
6877
510
78
3.57
4.00
12
9214
471
