EER
Temperature
Base EER
Post EER
% Change
Baseline Samples
Post Samples
102
17.40
17.64
1
36
487
101
14.75
16.46
12
343
1489
100
14.73
15.66
6
1243
2098
99
14.64
16.51
13
1848
2622
98
14.71
17.52
19
3067
6795
97
15.40
17.63
14
3704
4968
96
15.56
17.02
9
6200
6194
95
15.74
16.62
6
7097
6257
94
16.28
16.79
3
10510
6504
93
16.09
16.97
5
7882
5361
92
16.19
16.45
2
9644
7647
91
16.28
16.73
3
12260
7963
90
16.42
16.77
2
10174
7484
89
16.09
16.83
5
13631
10040
88
15.85
16.98
7
11466
8367
87
16.29
17.02
4
11962
9928
86
16.13
17.02
6
14480
9905
85
15.64
17.02
9
16664
12858
