TONS
Temperature
Base TONS
Post TONS
% Change
Baseline Samples
Post Samples
102
6.48
6.51
36
487
101
5.39
6.06
12
343
1489
100
5.38
5.73
7
1243
2098
99
5.30
6.00
13
1848
2622
98
5.32
6.32
19
3067
6795
97
5.54
6.32
14
3704
4968
96
5.55
6.08
10
6200
6194
95
5.57
5.89
6
7097
6257
94
5.73
5.91
3
10510
6504
93
5.65
5.95
5
7882
5361
92
5.68
5.72
1
9644
7647
91
5.68
5.77
2
12260
7963
90
5.70
5.76
1
10174
7484
89
5.57
5.75
3
13631
10040
88
5.46
5.79
6
11466
8367
87
5.59
5.77
3
11962
9928
86
5.51
5.74
4
14480
9905
85
5.32
5.72
8
16664
12858
