TONS
Temperature
Base TONS
Post TONS
% Change
Baseline Samples
Post Samples
100
5.93
7.01
18
483
84
99
5.85
6.89
18
1721
51
98
6.00
7.03
17
1841
67
97
5.85
7.09
21
1594
168
96
6.04
7.04
17
2519
159
95
6.09
6.68
10
2804
259
94
6.13
6.61
8
3195
315
93
6.02
6.67
11
2660
451
92
5.94
6.50
9
2895
265
91
5.90
6.38
8
3641
430
90
5.67
6.51
15
2940
497
89
5.70
6.86
20
3067
392
88
5.49
5.93
8
2512
228
87
5.39
5.96
11
2946
81
86
5.47
6.08
11
3075
139
85
5.30
5.99
13
2676
282
84
5.68
6.42
13
2062
146
83
4.96
6.01
21
2087
221
