EER
Temperature
Base EER
Post EER
% Change
Baseline Samples
Post Samples
95
13.92
15.44
11
5985
315
94
13.93
15.71
13
12459
876
93
14.55
15.78
8
8690
580
92
15.12
16.74
11
6343
1289
91
14.93
17.15
15
7326
1344
90
15.67
17.92
14
8440
1066
89
15.51
17.92
16
10215
944
88
16.04
17.50
9
8716
863
87
16.78
17.45
4
9098
961
86
18.81
17.92
5
8646
1713
85
16.66
18.27
10
7332
2289
84
17.39
18.71
8
6525
1140
83
17.65
18.82
7
7311
981
82
17.66
19.25
9
7509
1192
81
17.26
20.13
17
7489
901
80
17.66
20.26
15
10359
775
79
17.60
20.90
19
6877
510
78
18.59
21.08
13
9214
471
