TONS
Temperature
Base TONS
Post TONS
% Change
Baseline Samples
Post Samples
105
7.58
3005
104
7.57
8.99
19
6291
23
103
7.60
9.09
20
12319
96
102
7.61
9.10
20
12441
73
101
7.64
9.13
20
21992
26
100
7.63
9.15
20
23010
60
99
7.69
9.17
19
19466
96
98
7.75
9.23
19
23181
94
97
7.79
9.27
19
15544
183
96
7.91
9.17
16
16698
210
95
8.08
8.82
9
10805
516
94
8.07
8.81
9
9753
910
93
8.18
8.73
7
9902
541
92
8.30
8.61
4
8886
308
91
8.39
8.78
5
7911
468
90
8.56
8.76
2
6100
458
89
8.38
8.93
7
6166
502
88
8.45
8.89
5
4487
335
