10/24/24, 3:00 PM
Powertron Global
https://fmv.powertronglobal.com/?obj=reports
11/13
EER
Temperature
Base EER
Post EER
% Change
Baseline Samples
Post Samples
102
12.94
5875
101
13.37
15.66
17
17902
12
100
13.54
16.77
24
20558
1329
99
13.67
16.90
24
14635
2489
98
13.76
16.78
22
15757
2235
97
13.78
16.75
22
13574
1308
96
13.67
16.68
22
13875
1301
95
13.71
17.14
25
11066
666
94
13.86
17.47
26
11713
1177
93
14.06
17.79
27
10225
2402
92
13.90
17.90
29
12946
2116
91
13.79
17.62
28
12739
3598
90
13.84
17.40
26
9795
3817
89
13.82
17.56
27
12841
6167
88
13.93
17.57
26
12415
5551
87
14.30
17.65
23
18796
5413
