10/24/24, 3:00 PM
Powertron Global
https://fmv.powertronglobal.com/?obj=reports
8/13
COP
Temperature
Base COP
Post COP
% Change
Baseline Samples
Post Samples
102
2.00
5875
101
2.00
2.00
17902
12
100
2.00
2.86
43
20558
1329
99
2.00
2.88
44
14635
2489
98
2.00
2.83
41
15757
2235
97
2.00
2.77
38
13574
1308
96
2.01
2.68
33
13875
1301
95
2.01
2.91
44
11066
666
94
2.05
2.99
46
11713
1177
93
2.04
3.00
47
10225
2402
92
2.00
3.00
50
12946
2116
91
2.00
2.98
49
12739
3598
90
2.00
2.98
49
9795
3817
89
2.00
2.98
49
12841
6167
88
2.01
2.99
49
12415
5551
87
2.02
3.00
49
18796
5413
