EER
Temperature
Base EER
Post EER
% Change
Baseline Samples
Post Samples
105
11.13
3005
104
11.21
15.33
37
6291
23
103
11.36
15.49
36
12319
96
102
11.56
15.53
34
12441
73
101
11.70
15.63
34
21992
26
100
11.79
15.77
34
23010
60
99
11.96
15.23
27
19466
96
98
12.20
15.65
28
23181
94
97
12.32
15.37
25
15544
183
96
12.61
15.14
20
16698
210
95
13.00
14.20
9
10805
516
94
13.07
14.36
10
9753
910
93
13.25
14.04
6
9902
541
92
13.60
14.71
8
8886
308
91
13.83
14.81
7
7911
468
90
14.22
14.68
3
6100
458
89
13.92
14.81
6
6166
502
88
14.17
14.86
5
4487
335
