10/24/24, 3:00 PM
Powertron Global
https://fmv.powertronglobal.com/?obj=reports
12/13
Temperature
Base EER
Post EER
% Change
Baseline Samples
Post Samples
86
14.68
17.38
18
16906
4713
85
14.46
17.75
23
17277
6742
84
14.63
17.74
21
15986
7055
83
14.60
17.78
22
25842
8936
82
14.76
18.02
22
34550
6244
81
14.75
18.01
22
30028
4599
80
14.67
18.25
24
47476
4526
79
14.85
18.47
24
36706
2797
78
15.41
18.63
21
25436
3185
77
15.56
18.78
21
17760
1992
76
15.90
18.79
18
22310
4180
75
16.46
17.70
8
5532
1244
