EER
Temperature
Base EER
Post EER
% Change
Baseline Samples
Post Samples
95
14.53
11652
94
14.72
18.08
23
17903
7
93
14.88
18.43
24
10138
142
92
15.24
18.15
19
16420
1202
91
15.59
17.50
12
22530
3867
90
15.52
18.93
22
18277
2864
89
15.53
19.07
23
21740
4570
88
15.79
19.71
25
20494
3310
87
16.00
19.81
24
20266
2614
86
16.01
19.16
20
23414
1832
85
16.37
18.99
16
26118
1508
84
16.38
19.46
19
18842
834
83
16.36
21.51
31
19812
477
82
16.44
21.63
32
16760
566
81
16.27
21.78
34
20259
249
80
15.96
22.01
38
21692
167
79
16.29
18405
78
16.47
26421
