COP
Temperature
Base COP
Post COP
% Change
Baseline Samples
Post Samples
102
3.25
3.30
2
36
487
101
2.75
3.09
13
343
1489
100
2.68
2.94
10
1243
2098
99
2.71
3.10
14
1848
2622
98
2.72
3.29
21
3067
6795
97
2.83
3.31
17
3704
4968
96
2.89
3.20
11
6200
6194
95
2.96
3.11
5
7097
6257
94
3.08
3.16
3
10510
6504
93
3.04
3.20
5
7882
5361
92
3.06
3.08
1
9644
7647
91
3.08
3.14
2
12260
7963
90
3.11
3.17
2
10174
7484
89
3.04
3.20
5
13631
10040
88
2.99
3.23
8
11466
8367
87
3.08
3.25
6
11962
9928
86
3.06
3.27
7
14480
9905
85
2.98
3.27
10
16664
12858
