EER
Temperature
Base EER
Post EER
% Change
Baseline Samples
Post Samples
100
9.53
11.44
20
483
84
99
9.44
11.36
20
1721
51
98
9.74
11.77
21
1841
67
97
9.55
11.93
25
1594
168
96
9.95
11.90
20
2519
159
95
10.12
11.51
14
2804
259
94
10.27
11.52
12
3195
315
93
10.16
11.73
15
2660
451
92
10.06
11.50
14
2895
265
91
10.09
11.46
14
3641
430
90
9.82
11.77
20
2940
497
89
9.93
12.38
25
3067
392
88
9.59
10.98
14
2512
228
87
9.48
11.01
16
2946
81
86
9.65
11.25
17
3075
139
85
9.48
11.16
18
2676
282
84
10.21
11.91
17
2062
146
83
9.01
11.29
25
2087
221
