10/24/24, 3:00 PM
Powertron Global
https://fmv.powertronglobal.com/?obj=reports
2/13
kW/Ton Detail
Temperature
Baseline kW/Ton
Post kW/Ton
% kwton change
Baseline Number of Samples
Post Number of Samples
102
1.49
5875
101
1.45
1.22
16
17902
12
100
1.42
1.14
20
20558
1329
99
1.41
1.13
20
14635
2489
98
1.40
1.14
19
15757
2235
97
1.39
1.14
18
13574
1308
96
1.40
1.15
18
13875
1301
95
1.40
1.11
21
11066
666
94
1.39
1.09
22
11713
1177
93
1.37
1.07
22
10225
2402
92
1.38
1.06
23
12946
2116
91
1.39
1.08
22
12739
3598
90
1.39
1.09
22
9795
3817
89
1.39
1.08
22
12841
6167
88
1.37
1.08
21
12415
5551
87
1.33
1.07
20
18796
5413
