TONS
Temperature
Base TONS
Post TONS
% Change
Baseline Samples
Post Samples
95
7.39
8.58
16
5985
315
94
7.36
8.59
17
12459
876
93
7.63
8.55
12
8690
580
92
7.86
9.01
15
6343
1289
91
7.71
9.14
19
7326
1344
90
8.07
9.46
17
8440
1066
89
7.89
9.46
20
10215
944
88
8.11
9.24
14
8716
863
87
8.46
9.20
9
9098
961
86
9.46
9.36
1
8646
1713
85
8.26
9.46
15
7332
2289
84
8.54
9.61
13
6525
1140
83
8.60
9.68
13
7311
981
82
8.55
9.80
15
7509
1192
81
8.25
10.08
22
7489
901
80
8.39
10.11
21
10359
775
79
8.26
10.31
25
6877
510
78
8.66
10.31
19
9214
471
