kW/Ton Detail
Temperature
Baseline kW/Ton
Post kW/Ton
% kwton change
Baseline Number of Samples
Post Number of Samples
95
1.36
1.23
10
5985
315
94
1.36
1.21
11
12459
876
93
1.31
1.19
9
8690
580
92
1.27
1.13
11
6343
1289
91
1.30
1.10
15
7326
1344
90
1.21
1.05
13
8440
1066
89
1.25
1.05
16
10215
944
88
1.22
1.07
12
8716
863
87
1.14
1.08
5
9098
961
86
1.03
1.05
-2
8646
1713
85
1.19
1.03
13
7332
2289
84
1.10
1.00
9
6525
1140
83
1.08
1.00
7
7311
981
82
1.12
0.97
13
7509
1192
81
1.13
0.93
18
7489
901
80
1.14
0.92
19
10359
775
79
1.13
0.89
21
6877
510
78
1.05
0.89
15
9214
471
