kW/Ton Detail
Temperature
Baseline kW/Ton
Post kW/Ton
% kwton change
Baseline Number of Samples
Post Number of Samples
105
1.69
3005
104
1.68
1.20
29
6291
23
103
1.65
1.19
28
12319
96
102
1.62
1.19
27
12441
73
101
1.61
1.18
27
21992
26
100
1.59
1.16
27
23010
60
99
1.57
1.21
23
19466
96
98
1.53
1.18
23
23181
94
97
1.51
1.20
21
15544
183
96
1.48
1.22
18
16698
210
95
1.43
1.31
8
10805
516
94
1.42
1.30
8
9753
910
93
1.40
1.33
5
9902
541
92
1.36
1.25
8
8886
308
91
1.34
1.25
7
7911
468
90
1.30
1.26
3
6100
458
89
1.32
1.25
5
6166
502
88
1.30
1.24
5
4487
335
