kW/Ton Detail
Temperature
Baseline kW/Ton
Post kW/Ton
% kwton change
Baseline Number of Samples
Post Number of Samples
95
1.28
11652
94
1.27
1.01
20
17903
7
93
1.25
0.98
22
10138
142
92
1.23
1.00
19
16420
1202
91
1.19
1.04
13
22530
3867
90
1.21
0.96
21
18277
2864
89
1.21
0.95
21
21740
4570
88
1.19
0.91
24
20494
3310
87
1.17
0.91
22
20266
2614
86
1.17
0.94
20
23414
1832
85
1.14
0.94
18
26118
1508
84
1.14
0.91
20
18842
834
83
1.15
0.82
29
19812
477
82
1.15
0.81
30
16760
566
81
1.16
0.80
31
20259
249
80
1.19
0.79
34
21692
167
79
1.15
18405
78
1.13
26421
