5/6/2020
Powertron Global
https://my.powertroniot.com/?obj=reports
11/13
EER
Temperature
Base EER
Post EER
% Change
Baseline Samples
Post Samples
65
6.37
1202
66
6.91
3898
67
6.53
8.36
28
865
147
68
6.19
9.31
50
5853
148
69
6.44
8.7
35
10184
375
70
7.09
8.34
18
3814
52
71
5.8
8.39
45
7623
2113
72
5.94
8.97
51
6316
1045
73
5.7
8.14
43
5576
13
74
5.6
8.85
58
6356
255
75
5.6
8.58
53
3490
683
76
5.65
9.44
67
2885
425
77
5.71
8.38
47
5819
368
78
5.79
8.27
43
5586
742
79
6.44
9.64
50
2195
3111
80
6.55
8.98
37
788
6703
81
6.71
8.66
29
891
4672
