5/6/2020
Powertron Global
https://my.powertroniot.com/?obj=reports
5/13
TONS
Temperature
Base TONS
Post TONS
% Change
Baseline Samples
Post Samples
65
10.01
1202
66
11.23
3898
67
10.46
13.49
29
865
147
68
9.84
14.78
50
5853
148
69
10.60
16.84
59
10184
375
70
11.79
16.20
37
3814
52
71
9.16
14.64
60
7623
2113
72
9.35
17.14
83
6316
1045
73
8.95
12.78
43
5576
13
74
8.85
14.01
58
6356
255
75
8.83
13.53
53
3490
683
76
8.89
14.68
65
2885
425
77
8.97
13.19
47
5819
368
78
9.05
13.82
53
5586
742
79
10.13
15.50
53
2195
3111
80
10.19
14.23
40
788
6703
81
10.54
13.94
32
891
4672
