9/23/2020
Powertron Global
https://fmv.powertronglobal.com/?obj=reports
2/13
kW/Ton Detail
Temperature
Baseline kW/Ton
Post kW/Ton
% kwton change
Baseline Number of Samples
Post Number of Samples
75
1.77
1.38
22
3199
5685
76
1.75
1.39
21
1639
2587
77
1.89
1.36
28
540
1812
78
2.04
1.34
34
730
3046
79
1.74
1.44
17
2914
3348
80
1.68
1.38
18
746
5040
81
2.09
1.39
33
665
3480
82
2.03
1.44
29
744
5892
83
2.24
1.48
34
613
4564
84
2.10
1.49
29
698
8281
85
2.18
1.39
36
1544
5422
86
2.06
1.48
28
2007
10637
87
2.06
1.52
26
2100
16196
88
2.12
1.50
29
2061
12498
89
2.10
1.49
29
2193
10997
90
2.06
1.52
26
3578
9283
91
2.06
1.53
26
3041
8019
