9/21/2020
Powertron Global
https://fmv.powertronglobal.com/?obj=reports
2/13
kW/Ton Detail
Temperature
Baseline kW/Ton
Post kW/Ton
% kwton change
Baseline Number of Samples
Post Number of Samples
75
2.41
1.88
22
430
168
76
2.27
2.37
-4
614
60
77
2.23
2.27
-2
2070
194
78
2.41
2.72
-13
1072
22
79
2.56
4.64
-81
568
1
80
2.17
1575
81
2.24
3.10
-38
518
31
82
2.33
2.01
14
780
160
83
2.35
1.63
31
594
3
84
2.35
1.91
19
531
365
85
2.43
1.95
20
653
624
86
2.87
1.99
31
1667
508
87
2.77
2.09
25
1432
716
88
2.89
2.15
26
1862
480
89
2.76
2.12
23
2189
400
90
2.66
2.20
17
1959
446
91
2.73
2.39
12
2135
295
