9/23/2020
Powertron Global
https://fmv.powertronglobal.com/?obj=reports
5/13
TONS
Temperature
Base TONS
Post TONS
% Change
Baseline Samples
Post Samples
75
4.37
4.68
7
382
3279
76
4.25
3.54
17
333
817
77
4.17
3.54
15
2261
1021
78
3.88
3.65
6
1531
1021
79
3.99
3.78
5
1659
1383
80
3.44
3.67
7
1058
1311
81
3.24
3.72
15
627
1696
82
3.70
3.81
3
540
1975
83
3.57
3.73
4
453
1942
84
3.23
3.59
11
922
1697
85
3.36
3.81
13
443
2154
86
3.39
3.75
11
1038
1991
87
3.28
3.85
17
1100
2358
88
3.39
3.99
18
1252
2476
89
3.24
3.81
18
1324
4074
90
3.07
3.99
30
1074
5265
91
3.15
3.83
22
1418
4411
