9/21/2020
Powertron Global
https://fmv.powertronglobal.com/?obj=reports
2/13
kW/Ton Detail
Temperature
Baseline kW/Ton
Post kW/Ton
% kwton change
Baseline Number of Samples
Post Number of Samples
75
1.30
3879
76
1.70
1.37
19
2188
1191
77
1.74
1.29
26
3210
1698
78
1.75
1.42
19
3319
1561
79
1.84
1.39
24
2262
882
80
1.76
1.44
18
4823
2243
81
1.95
1.45
26
1577
2959
82
1.94
1.43
26
2502
3920
83
1.95
1.45
26
444
2572
84
2.14
1.47
31
1074
2774
85
1.95
1.47
25
571
1684
86
2.11
1.48
30
1361
1256
87
2.07
1.56
25
2089
1294
88
2.22
1.49
33
954
1231
89
2.14
1.50
30
722
2161
90
2.31
1.45
37
2489
1815
91
2.20
1.52
31
2599
2251
