9/21/2020
Powertron Global
https://fmv.powertronglobal.com/?obj=reports
5/13
TONS
Temperature
Base TONS
Post TONS
% Change
Baseline Samples
Post Samples
75
6.54
5259
76
5.45
5.45
875
2349
77
7.85
5.84
26
958
1127
78
7.14
5.86
18
4145
2528
79
6.78
5.29
22
2543
2746
80
6.25
5.97
4
2907
4026
81
6.91
5.76
17
1682
4365
82
3.99
5.73
44
512
5309
83
3.85
5.75
49
102
3126
84
4.12
5.86
42
394
6052
85
4.00
5.86
47
374
5364
86
3.80
6.02
58
879
8792
87
3.69
5.96
62
1032
10749
88
3.77
6.06
61
915
10655
89
4.02
6.04
50
1450
9859
90
3.77
6.00
59
1700
7095
91
4.01
5.98
49
1737
6405
