9/21/2020
Powertron Global
https://fmv.powertronglobal.com/?obj=reports
2/12
kW/Ton Detail
Temperature
Baseline kW/Ton
Post kW/Ton
% kwton change
Baseline Number of Samples
Post Number of Samples
83
6.41
4.77
26
96
207
84
5.60
4.28
24
466
215
85
5.06
4.38
13
752
7
86
5.47
4.94
10
1618
104
87
7.91
4.44
44
2652
251
88
5.97
4.96
17
3919
232
89
7.86
5.13
35
3967
187
90
7.85
5.48
30
3038
511
91
6.93
5.73
17
2936
329
92
7.02
6.64
5
1866
166
93
6.91
6.09
12
3274
477
94
6.80
6.43
5
2941
347
95
6.78
5.77
15
5071
211
96
6.93
4.47
35
7887
142
97
6.53
5126
98
6.59
5588
99
6.71
4627
