9/21/2020
Powertron Global
https://fmv.powertronglobal.com/?obj=reports
5/13
TONS
Temperature
Base TONS
Post TONS
% Change
Baseline Samples
Post Samples
75
8.81
10.41
18
430
168
76
9.11
8.98
1
614
60
77
9.20
9.12
1
2070
194
78
8.69
7.82
10
1072
22
79
8.21
4.00
51
568
1
80
9.16
1575
81
8.70
7.51
14
518
31
82
8.54
9.57
12
780
160
83
8.40
11.59
38
594
3
84
8.49
10.46
23
531
365
85
8.43
10.33
23
653
624
86
7.21
10.31
43
1667
508
87
7.42
9.85
33
1432
716
88
7.26
9.69
33
1862
480
89
7.59
9.86
30
2189
400
90
7.91
9.66
22
1959
446
91
7.82
9.05
16
2135
295
