9/21/2020
Powertron Global
https://fmv.powertronglobal.com/?obj=reports
11/13
EER
Temperature
Base EER
Post EER
% Change
Baseline Samples
Post Samples
75
5.57
10.39
87
131
745
76
9.19
10.74
17
84
486
77
7.78
9.76
25
1193
463
78
9.88
13.17
33
1671
218
79
9.22
12.32
34
510
1171
80
8.55
11.22
31
985
634
81
9.66
12
24
1
1512
82
11.46
2135
83
11.39
2624
84
11.72
2265
85
11.98
4798
86
11.79
9406
87
4.16
11.7
181
41
11492
88
6.38
12.17
91
20
8092
89
8.43
12.16
44
82
7734
90
10.42
11.85
14
89
6064
91
10.23
11.49
12
26
4164
