9/21/2020
Powertron Global
https://fmv.powertronglobal.com/?obj=reports
8/13
COP
Temperature
Base COP
Post COP
% Change
Baseline Samples
Post Samples
82
1.06
1.77
67
280
2140
83
1.23
1.79
46
346
2061
84
1.32
1.89
43
414
3623
85
1.37
2.03
48
470
3988
86
1.54
1.93
25
916
6333
87
1.43
1.99
39
1219
9821
88
1.38
1.95
41
1061
8069
89
1.55
1.97
27
1456
8516
90
1.58
1.94
23
579
6219
91
1.52
1.89
24
1139
4585
92
1.43
1.92
34
1416
2986
93
1.47
1.95
33
2037
3375
94
1.50
1.87
25
1957
1037
95
1.56
1.84
18
2191
546
96
1.54
1.65
7
3292
262
97
1.61
1.56
3
3919
194
98
1.72
1.77
3
5556
111
