9/21/2020
Powertron Global
https://fmv.powertronglobal.com/?obj=reports
11/13
EER
Temperature
Base EER
Post EER
% Change
Baseline Samples
Post Samples
75
11.77
3879
76
8.64
11.31
31
2188
1191
77
8.47
11.61
37
3210
1698
78
8.59
11
28
3319
1561
79
8.17
11.01
35
2262
882
80
8.62
10.67
24
4823
2243
81
7.89
10.82
37
1577
2959
82
7.93
10.67
35
2502
3920
83
7.75
10.59
37
444
2572
84
7.35
10.54
43
1074
2774
85
7.82
10.59
35
571
1684
86
7.39
10.4
41
1361
1256
87
7.48
10.19
36
2089
1294
88
7.07
10.37
47
954
1231
89
7.28
10.41
43
722
2161
90
6.75
10.56
56
2489
1815
91
7.03
10.4
48
2599
2251
