9/21/2020
Powertron Global
https://fmv.powertronglobal.com/?obj=reports
11/12
EER
Temperature
Base EER
Post EER
% Change
Baseline Samples
Post Samples
83
3.08
3.58
16
96
207
84
3.12
3.92
26
466
215
85
3.49
3.76
8
752
7
86
3.14
3.53
12
1618
104
87
2.43
3.8
56
2652
251
88
3
3.66
22
3919
232
89
2.37
3.3
39
3967
187
90
2.26
3.06
35
3038
511
91
2.51
2.95
18
2936
329
92
2.49
2.56
3
1866
166
93
2.45
2.85
16
3274
477
94
2.48
2.74
10
2941
347
95
2.54
3.01
19
5071
211
96
2.51
3.62
44
7887
142
97
2.6
5126
98
2.63
5588
99
2.63
4627
